id,y_actual_test,y_predict_test,residuals_test
2396,360000,400563.75189250766,-40563.75189250766
1816,128000,130015.73879672459,-2015.7387967245886
192,128500,139417.05209996243,-10917.052099962428
2619,207500,177583.6696143303,29916.330385669688
423,485000,514373.55646923895,-29373.556469238945
1177,200000,193462.22065674013,6537.77934325987
489,190000,179394.16018527452,10605.839814725477
1708,342000,411411.88603936485,-69411.88603936485
442,324000,355014.2488068888,-31014.24880688882
751,155000,187114.22453258387,-32114.224532583874
2821,127500,119303.35868754957,8196.641312450432
40,290941,251543.99003105392,39397.00996894608
2266,187500,198670.79391886469,-11170.793918864685
1515,67000,59673.358767229,7326.641232770999
261,161750,136177.58121499466,25572.418785005342
956,137500,155445.59259136158,-17945.59259136158
281,90000,104167.21300685959,-14167.213006859587
1583,175000,207741.32375646255,-32741.323756462545
1894,224500,214321.14968306856,10178.850316931435
234,230000,207919.49209466562,22080.50790533438
231,85000,77056.55815474027,7943.441845259731
678,128500,123014.92543171006,5485.074568289943
996,192000,186103.39744371458,5896.602556285419
2706,148000,145793.80720529615,2206.1927947038494
1826,128500,127991.92743342425,508.0725665757491
1492,108000,115225.82840380806,-7225.82840380806
2688,129000,117241.77765044937,11758.222349550633
1055,317500,241673.51348344845,75826.48651655155
92,362500,312373.9791846385,50126.020815361524
877,213000,235874.48513499796,-22874.485134997958
2497,135000,142852.74602766507,-7852.746027665067
974,91000,86778.81737607674,4221.182623923261
1850,239000,227222.2263601645,11777.773639835505
2420,210250,195444.40395331066,14805.596046689345
2554,137000,126185.2731774298,10814.7268225702
351,278000,263673.8379327272,14326.162067272817
685,132500,134722.29808540735,-2222.298085407354
2397,281000,284756.99168288487,-3756.9916828848654
1879,119000,129438.63178362916,-10438.631783629156
2487,125000,138656.26640431123,-13656.26640431123
2211,145000,152777.63626997804,-7777.636269978044
2036,212300,229025.42823668206,-16725.428236682055
1192,240000,254247.1012556969,-14247.101255696907
1931,142000,138242.1619851001,3757.8380148998986
1441,221000,219528.36625274355,1471.6337472564483
644,123000,119701.43587091993,3298.5641290800704
1119,297900,265322.39812461194,32577.601875388063
180,129000,161520.46046022946,-32520.460460229457
823,239900,254679.51619068807,-14779.516190688068
2508,147400,152939.71593856387,-5539.715938563866
830,194500,183943.8484571797,10556.151542820298
1995,144100,151223.5530058026,-7123.553005802591
2909,104500,125301.78679521801,-20801.78679521801
1098,185900,188108.80998869444,-2208.80998869444
466,167800,177007.31417367343,-9207.314173673425
1925,174850,186019.81757892467,-11169.817578924674
2345,235000,236182.88176201688,-1182.8817620168847
2687,220000,217887.57318644138,2112.426813558617
212,100000,112337.94824776126,-12337.948247761262
1034,133000,139440.02298578905,-6440.022985789052
177,119000,127907.84284797884,-8907.842847978842
1623,180000,182866.25223436774,-2866.252234367741
477,170000,173186.17622140865,-3186.1762214086484
2094,238000,253152.75701819293,-15152.757018192933
447,233170,230185.40735258747,2984.59264741253
1501,82000,77932.85169433319,4067.1483056668076
255,138500,139078.88192072322,-578.8819207232154
2137,160000,142770.14495837237,17229.855041627627
1823,129000,124719.70001474021,4280.299985259786
1928,163500,174302.43999010028,-10802.439990100276
2927,131000,131909.46741717265,-909.467417172651
1640,319900,283856.85593936266,36043.144060637336
2471,139500,144222.64897246868,-4722.6489724686835
1809,149000,152668.5606248315,-3668.5606248315016
352,240000,212372.40071583932,27627.59928416068
1104,279500,246880.34929569342,32619.65070430658
2634,105000,118167.9191897462,-13167.9191897462
233,260000,213702.4673420997,46297.5326579003
1476,210000,198387.32139249917,11612.678607500828
2518,165000,158266.2254306681,6733.774569331901
431,402861,422537.11385475635,-19676.113854756346
2653,139000,151227.69835617073,-12227.698356170731
697,130000,131964.3057128698,-1964.3057128697983
2809,203160,204955.45457811138,-1795.4545781113848
2612,115000,121213.1866552209,-6213.186655220896
2388,309000,327069.2623559289,-18069.26235592889
38,306000,287862.97794990917,18137.022050090833
2822,119900,133841.06930296196,-13941.069302961958
2205,135000,139387.85451718705,-4387.85451718705
2505,176400,184512.97894367445,-8112.978943674447
2063,143500,147585.049705922,-4085.0497059219924
1579,218689,222225.93293874458,-3536.932938744576
1387,95541,119626.60742584737,-24085.607425847367
2004,104500,90649.4640791605,13850.535920839495
1210,174900,150060.94459465824,24839.055405341758
2605,160000,153000.83417511644,6999.165824883559
745,115000,119878.82063235927,-4878.820632359275
629,110000,160137.00514278494,-50137.00514278494
1135,146000,146905.0985142337,-905.0985142336867
1952,86000,89783.10297638702,-3783.1029763870174
999,175000,171587.03482190135,3412.965178098646
1573,287000,314173.9852445455,-27173.985244545504
2689,117000,134797.74758025244,-17797.747580252442
2161,179400,179924.0045928569,-524.004592856887
859,133500,122032.92313927767,11467.076860722329
1824,143900,153842.35685379285,-9942.356853792851
2033,202500,197225.70215987175,5274.297840128245
2613,159500,144355.81183913152,15144.188160868478
1633,207500,223360.5778345722,-15860.577834572206
1366,89500,111207.08635993357,-21707.08635993357
2013,113000,114813.70285114952,-1813.7028511495155
1305,107900,116298.33031476525,-8398.330314765248
554,76000,86653.94009567684,-10653.940095676837
433,610000,560159.4211083937,49840.5788916063
708,80000,94198.92336555108,-14198.923365551076
727,34900,70536.6579917293,-35636.6579917293
293,169000,208854.53271595933,-39854.53271595933
2235,129850,126562.43244217284,3287.567557827162
2616,183000,196951.34124385493,-13951.341243854928
2395,329900,357093.4477300859,-27193.44773008593
2230,200624,217873.61023765474,-17249.610237654735
1525,191000,208758.70495749064,-17758.70495749064
48,320000,330290.091450042,-10290.091450041975
2434,201490,191947.32448405024,9542.675515949755
2464,266000,275719.3054209119,-9719.30542091187
475,188500,174000.25747510593,14499.74252489407
1702,500067,471763.9487061963,28303.05129380373
370,185000,181333.92322959256,3666.0767704074387
1123,182000,219669.00794023767,-37669.00794023767
2268,180500,205326.62725772965,-24826.627257729648
1987,137000,138269.44807731718,-1269.4480773171817
1868,185000,202848.75424343397,-17848.75424343397
535,152000,171986.99560356615,-19986.995603566145
1409,185000,162643.22286262477,22356.777137375233
1068,421250,335943.82666923804,85306.17333076196
1852,301000,262587.39366169914,38412.60633830086
36,146000,149291.4016450425,-3291.401645042497
1859,187000,187260.96703437396,-260.96703437395627
1320,116900,132222.60229607698,-15322.602296076977
568,173733,162947.71005669775,10785.289943302254
940,147000,120613.13952387971,26386.860476120288
1656,152000,150983.1291900877,1016.8708099123032
1711,285000,319382.24238682643,-34382.24238682643
2566,119000,138253.85729148137,-19253.85729148137
1619,169000,180525.7433960472,-11525.743396047212
343,157000,169192.79312555413,-12192.793125554133
1516,135900,111734.57562447927,24165.424375520728
39,395192,389300.31445118866,5891.685548811336
1131,207500,197718.86603632823,9781.133963671775
1003,180000,200542.5232894179,-20542.523289417906
2351,250000,277552.35302478005,-27552.35302478005
1156,192000,176007.05132973965,15992.948670260346
2532,135500,124722.30758444188,10777.692415558122
1926,116000,118167.49256278833,-2167.492562788335
2129,235500,221519.0131915819,13980.986808418093
2874,145400,131027.4505438607,14372.549456139299
1875,127000,135279.8647963263,-8279.864796326292
2197,165000,155580.2786243862,9419.721375613793
152,119000,121824.3350017015,-2824.3350017015036
2686,109000,92358.51913229309,16641.48086770691
1629,163900,173172.1199140295,-9272.119914029492
1118,257000,258759.80773229254,-1759.8077322925383
598,172500,157868.5906888698,14631.409311130206
2032,139400,142986.2088970916,-3586.208897091594
520,229800,210050.21437063624,19749.78562936376
63,325000,329922.60727167083,-4922.6072716708295
1016,133000,175752.67879435827,-42752.678794358275
575,318750,269581.1819267119,49168.81807328807
1498,284700,259547.0783797044,25152.921620295587
1312,114000,106175.21431695428,7824.785683045717
693,110000,113987.79699516986,-3987.7969951698615
173,115000,118686.87290486347,-3686.8729048634705
2761,209700,214463.48707049908,-4763.487070499075
994,165000,170333.0690657733,-5333.069065773307
1403,256000,189007.35776630908,66992.64223369092
920,205000,156893.77623479674,48106.22376520326
67,221500,257238.54651008107,-35738.54651008107
2003,87000,100735.02057602516,-13735.020576025156
262,128200,119267.06494394192,8932.935056058079
590,230000,235264.05878060535,-5264.058780605352
1829,294000,248333.3146687186,45666.68533128139
1500,148000,144296.96094545894,3703.039054541063
583,200000,215751.96944137345,-15751.969441373454
297,335000,262055.40734005425,72944.59265994575
1313,130000,138276.84410713628,-8276.844107136276
1456,235000,241061.35062926376,-6061.350629263761
2660,163000,185083.4298374106,-22083.4298374106
394,148500,136789.94593621968,11710.05406378032
2435,230500,249274.1952637935,-18774.19526379349
154,105000,106343.80538488275,-1343.8053848827549
133,153000,162819.1798108651,-9819.179810865113
2071,89500,101571.13645331393,-12071.136453313928
2174,118500,125495.0954236757,-6995.095423675695
19,141000,97081.01600411798,43918.98399588202
46,224000,211631.53338297716,12368.466617022845
2870,257000,198557.640306517,58442.35969348301
2507,151000,153256.66766833834,-2256.667668338341
711,91300,103472.90263613881,-12172.90263613881
1518,179500,185946.3144170782,-6446.314417078189
1989,100000,126402.80327733647,-26402.80327733647
1701,418000,431376.15622608224,-13376.15622608224
2245,124900,125389.30025319572,-489.30025319571723
1178,345000,322701.3376548176,22298.662345182383
784,135000,123690.1595248928,11309.840475107194
2915,79400,81198.27644836201,-1798.2764483620122
1186,174000,194191.34443761263,-20191.344437612628
2917,92000,96637.1711837984,-4637.171183798404
1495,147000,146404.46458113124,595.5354188687634
2296,157000,154361.31767686116,2638.6823231388407
550,184000,181106.598501992,2893.4014980079955
1652,148000,145290.95615407987,2709.043845920125
662,156500,166926.52565614865,-10426.525656148646
599,161500,158705.39063093672,2794.6093690632842
2163,179600,201083.84889433134,-21483.848894331342
2314,187500,174799.84518362736,12700.15481637264
565,235000,218209.1872989527,16790.81270104731
2479,175900,178152.43623329003,-2252.4362332900346
1341,115000,120220.82826987663,-5220.828269876627
2575,132000,144920.54285952466,-12920.542859524663
1706,325624,304749.027111116,20874.972888884018
965,213500,214598.79600233983,-1098.7960023398336
1132,141000,148761.1489946733,-7761.148994673305
2758,233555,236136.89355833767,-2581.8935583376733
833,275000,236974.8731738689,38025.126826131105
405,112000,113057.80448194272,-1057.804481942716
1994,90000,127741.51518944051,-37741.51518944051
2923,188000,143922.3765554735,44077.623444526515
1261,171000,169181.1855640734,1818.8144359265862
922,160000,138554.12622461995,21445.873775380052
176,80000,88705.28984010151,-8705.289840101512
576,211500,206025.71670994724,5474.283290052757
1444,223500,218820.97930084544,4679.0206991545565
564,275000,332480.3993530441,-57480.39935304411
2568,98600,131767.62076355077,-33167.620763550774
2609,165000,140431.5466583777,24568.453341622313
1302,140000,148403.32760364818,-8403.327603648184
2096,220000,215502.6822764867,4497.31772351329
834,233500,225050.87490281268,8449.125097187323
2652,135500,129692.1136619618,5807.886338038195
541,142000,138971.851355539,3028.1486444610055
326,166500,172629.27373059368,-6129.273730593675
804,213000,196908.1594405173,16091.84055948269
308,50138,96449.14848052009,-46311.14848052009
1927,135000,128992.76021372128,6007.239786278718
2665,157000,161925.00003796353,-4925.000037963531
2880,51689,62976.47365343594,-11287.47365343594
1601,81000,82634.47973296218,-1634.4797329621797
2771,187000,180565.58102458724,6434.418975412758
1445,130250,123872.22729732549,6377.772702674512
15,212000,227362.92061309863,-15362.920613098628
855,134900,131374.3384066159,3525.6615933841094
969,425000,400233.4969247363,24766.503075263696
1867,164000,154741.2658242821,9258.734175717895
700,107500,124438.60966080189,-16938.609660801885
2920,90500,85067.46308123239,5432.5369187676115
651,95000,111824.55129679301,-16824.55129679301
1324,110000,122988.87404923288,-12988.87404923288
376,200000,183770.91339231594,16229.086607684061
2188,79000,82611.09998062169,-3611.099980621686
2829,134000,168013.3293738931,-34013.329373893095
462,254000,217610.48133567724,36389.518664322764
1993,114000,116985.79338056257,-2985.7933805625653
2700,150000,172548.43168474603,-22548.43168474603
1806,340000,334760.7289413932,5239.271058606799
2210,145000,149795.65799738618,-4795.657997386181
415,147000,162501.52944604648,-15501.52944604648
70,262500,239617.78316093475,22882.21683906525
1268,94000,126008.10927399553,-32008.109273995535
2431,192140,193766.09123298505,-1626.0912329850544
2427,156820,171420.09721624697,-14600.09721624697
1641,392000,231196.72546601636,160803.27453398364
1715,250000,238853.97612312538,11146.02387687462
62,260400,238390.849850721,22009.150149279012
2511,166000,174556.14625338817,-8556.146253388171
2138,134900,137444.3891995443,-2544.3891995442973
768,63000,84061.64782546736,-21061.647825467357
1511,135500,131840.2134660055,3659.786533994513
2519,214000,201247.28981223496,12752.710187765042
492,181000,183271.10746427346,-2271.10746427346
738,93000,96646.35652111721,-3646.35652111721
2298,129500,120066.44685224854,9433.55314775146
1801,249700,256481.49350592337,-6781.4935059233685
2890,148000,148143.11249418132,-143.11249418131774
1172,328900,302414.41319372214,26485.58680627786
2046,200500,265252.8589078309,-64752.8589078309
478,189500,192268.58920539723,-2768.5892053972348
1401,245000,208823.52401785643,36176.47598214357
2723,105000,103925.87129084293,1074.1287091570703
2457,423000,387539.84597791324,35460.15402208676
471,192500,212457.98297313036,-19957.98297313036
2418,258000,307092.0806452598,-49092.08064525982
1861,373000,364861.06795538985,8138.932044610148
2322,274725,225175.54779224808,49549.45220775192
829,221800,234166.44045430835,-12366.440454308351
1626,204000,237150.91138035062,-33150.91138035062
1764,466500,547783.7414204739,-81283.7414204739
905,117000,139020.6263289929,-22020.62632899289
2249,156000,134580.31532330308,21419.684676696925
2624,133700,127848.60273174511,5851.397268254892
2147,270000,237970.80841789974,32029.191582100262
182,12789,78726.23980662509,-65937.23980662509
155,107500,115087.85070159275,-7587.850701592746
773,130000,130944.63648715624,-944.63648715624
2570,118000,125270.8463482536,-7270.846348253603
764,179000,164747.44985733798,14252.550142662018
1964,152000,137656.80975754166,14343.190242458339
1196,145000,137711.981152864,7288.018847136002
2867,210000,172678.00994497878,37321.99005502122
1024,161000,160430.18306710763,569.8169328923686
2494,120875,131858.7099444748,-10983.709944474802
1142,193500,214954.6708010105,-21454.670801010507
1529,231000,183433.54467292482,47566.45532707518
549,145000,173217.67048962074,-28217.670489620737
1355,145000,127660.72318594495,17339.276814055047
88,133000,129562.97622228318,3437.023777716822
2772,193000,195186.2324297783,-2186.2324297782907
2696,91000,92669.04292257561,-1669.0429225756088
1589,209200,201614.26603242787,7585.7339675721305
170,80400,131294.9371463714,-50894.937146371405
2153,275000,317219.7906912399,-42219.790691239876
2011,128000,123651.66622852292,4348.333771477075
2510,144152,152469.657339351,-8317.65733935099
142,165500,177719.73557884892,-12219.735578848922
114,212500,185035.4172645773,27464.582735422708
2399,378000,356522.0255850663,21477.974414933706
1847,177000,179087.72397383166,-2087.7239738316566
628,193500,195563.067837091,-2063.067837090988
2647,111500,109598.10943857548,1901.890561424516
178,130000,134755.87423850413,-4755.874238504126
108,206000,194685.7237061895,11314.276293810486
2765,190000,155824.76373764873,34175.236262351274
714,87500,121803.97144280185,-34303.97144280185
1280,109500,117017.80186670784,-7517.801866707843
1854,279700,252358.29176737077,27341.70823262923
1591,146000,137801.59434635894,8198.405653641064
1166,179400,176821.33244879506,2578.6675512049405
362,174000,165273.82946374276,8726.17053625724
811,118858,118554.55124358342,303.44875641657563
2463,232600,234598.44795243218,-1998.4479524321796
188,149700,150986.66451241326,-1286.6645124132629
887,100000,103591.22531606597,-3591.2253160659748
2774,235000,214803.5676899357,20196.432310064294
2714,149500,156504.75269275173,-7004.752692751732
2098,424870,393991.32106783276,30878.67893216724
1114,240000,233311.97321333972,6688.026786660281
2196,150000,133599.35886022868,16400.641139771324
1586,305000,316968.1527398728,-11968.152739872807
1723,280000,280058.5914678079,-58.59146780788433
1008,185000,184091.28668006384,908.713319936156
2270,282000,329046.81302065565,-47046.81302065565
1249,180000,181737.65830198786,-1737.6583019878599
1463,255900,267373.8349430425,-11473.834943042486
2422,215000,212202.55552296757,2797.4444770324335
642,135000,147930.65905603033,-12930.65905603033
2753,194000,181621.8032102003,12378.196789799695
1364,127500,132529.88986456714,-5029.889864567143
1959,143000,165011.2674691619,-22011.26746916189
2222,219500,178018.73962304872,41481.26037695128
2782,132500,129500.69308976847,2999.306910231535
302,125500,115122.34046419809,10377.659535801911
2555,121600,108715.73047892228,12884.269521077716
1738,156932,174622.94800483214,-17690.948004832142
993,187500,181074.38457729988,6425.615422700124
2446,625000,607492.5215982253,17507.478401774657
1347,123500,134733.29575744848,-11233.295757448475
2503,268000,250688.47082231625,17311.529177683755
319,269500,290035.41718024784,-20535.417180247838
2454,315000,333588.7924804677,-18588.792480467702
1021,235000,241495.79065313973,-6495.790653139731
2731,148400,155306.12580038488,-6906.125800384878
677,92900,82296.06066723465,10603.939332765352
2391,338500,319191.43241996353,19308.56758003647
389,167900,148574.32139754182,19325.67860245818
934,137000,136362.9743105684,637.0256894316117
2793,220000,226763.38153030947,-6763.381530309474
844,204000,210432.61158295095,-6432.611582950951
1929,130000,151832.81385000065,-21832.813850000646
252,198900,222571.28303020328,-23671.28303020328
2837,81000,94244.71664727404,-13244.716647274035
2217,220000,188110.39742150198,31889.602578498016
2015,132000,118773.3711922825,13226.628807717498
1751,183500,197614.8732160375,-14114.873216037493
1053,385000,407903.4499320737,-22903.44993207371
740,100000,122407.89114456561,-22407.891144565612
1767,252000,267783.81655418675,-15783.81655418675
1411,159900,170587.6423813644,-10687.642381364392
2526,262500,254502.70058417218,7997.299415827816
1910,146500,165219.6315870686,-18719.63158706861
91,190000,213391.90107039982,-23391.90107039982
2301,135000,146162.7490749935,-11162.74907499351
1565,271000,280744.55790044786,-9744.557900447864
2476,184000,191977.1469032713,-7977.146903271292
2109,217000,233577.86412290772,-16577.86412290772
189,125500,110314.5600724958,15185.439927504194
328,119500,126089.58329684142,-6589.583296841418
1438,193000,209581.8729480486,-16581.872948048607
717,265979,247063.26088473972,18915.73911526028
2349,188900,186346.98888214634,2553.011117853661
589,113000,142807.1666995881,-29807.166699588095
406,97000,102974.56581664606,-5974.5658166460635
689,145000,136458.6461384794,8541.35386152059
1747,188500,165077.6389058851,23422.361094114895
2477,184900,186767.40925537524,-1867.4092553752416
237,144500,131249.15532045567,13250.84467954433
2702,130000,138436.6179752867,-8436.617975286703
1025,175000,143155.0922206154,31844.907779384608
1168,300000,297871.71507123415,2128.2849287658464
2675,119900,126366.53644161884,-6466.536441618839
414,137900,148168.9728876388,-10268.97288763881
1788,260000,222577.7941118846,37422.20588811539
1380,109900,124557.46817733036,-14657.46817733036
1072,192000,196882.0171268486,-4882.017126848601
2815,163990,173226.6835959016,-9236.683595901588
1414,119000,117578.6737831659,1421.3262168341025
200,138400,137247.41610424584,1152.5838957541564
217,136000,121023.6876208642,14976.312379135794
2831,130000,168124.74725618766,-38124.747256187664
2425,225000,215577.6672613636,9422.33273863641
1571,228950,187793.77730756122,41156.22269243878
1022,220000,222804.34338025656,-2804.343380256556
2760,294900,245451.77238243094,49448.227617569064
1093,186500,199876.95422693886,-13376.954226938862
2240,67000,94278.12346426139,-27278.123464261385
960,410000,399129.3852739014,10870.614726098604
1103,350000,355013.50659839343,-5013.506598393433
1359,127500,140237.6382482912,-12737.638248291187
1,215000,176642.70368785987,38357.296312140126
1635,212000,212166.61248500945,-166.6124850094493
1842,164700,163253.01706042213,1446.9829395778652
1449,143195,143173.40907407078,21.590925929223886
537,193000,205029.18350191694,-12029.183501916938
161,242000,278974.9519579568,-36974.95195795677
980,88000,81980.46691383558,6019.533086164418
2037,161000,179300.0165746373,-18300.016574637295
2061,127000,129194.5303694985,-2194.530369498505
1426,475000,449362.9687089536,25637.031291046413
1999,133900,183837.59841301947,-49937.59841301947
1044,85400,99280.11122244598,-13880.11122244598
140,214000,212949.06326329126,1050.9367367087398
2160,185000,189139.92079389785,-4139.920793897851
534,159000,189294.69158256042,-30294.691582560423
2025,90000,118755.91787801875,-28755.91787801875
695,103500,129102.29459913503,-25602.294599135028
1139,170000,174687.4231980907,-4687.423198090692
1911,126000,144831.29504931337,-18831.29504931337
2167,167000,169275.2698488077,-2275.269848807686
560,129000,131230.9416964778,-2230.941696477792
957,375000,225520.84053600227,149479.15946399773
2549,140000,114136.0601965565,25863.9398034435
952,173000,162872.73994600555,10127.260053994454
2649,105000,80097.04779306742,24902.952206932576
1239,185000,162372.4768945898,22627.52310541019
936,124000,128862.94818809815,-4862.9481880981475
452,213000,189700.60130807947,23299.398691920534
2885,300000,264408.84298624774,35591.157013752265
1568,171500,163560.19062123256,7939.809378767444
1184,290000,259596.03193758623,30403.96806241377
399,120500,110292.12128046984,10207.878719530156
2727,164000,145637.02060778637,18362.97939221363
1219,153000,142118.74118596176,10881.258814038243
1795,210400,194307.19657545173,16092.80342454827
1762,384500,368858.923511846,15641.076488154009
2053,165000,145702.01078662407,19297.989213375928
1620,161500,165077.06040049097,-3577.060400490969
2362,88000,96424.5615176624,-8424.561517662398
1284,143000,156582.23450144057,-13582.234501440573
588,163000,154327.43080545348,8672.569194546522
1406,155000,139390.3288924096,15609.671107590402
578,180500,245632.21534274213,-65132.21534274213
1646,178000,201757.1995470253,-23757.199547025288
524,310000,334695.36121173797,-24695.361211737967
2807,195000,220510.6929473731,-25510.692947373114
2792,214000,197469.45053965316,16530.54946034684
2145,305900,344497.1008452072,-38597.10084520723
1036,111900,109995.91271453959,1904.0872854604095
1362,141000,169719.05390210595,-28719.053902105952
1930,129500,135630.15229527175,-6130.15229527175
1675,177000,181522.69924034757,-4522.699240347574
729,223500,163827.0632530523,59672.9367469477
548,120000,123840.4791161624,-3840.4791161624016
1408,260000,186601.0262415625,73398.9737584375
2309,252000,206907.68400422562,45092.31599577438
2203,141500,126746.9621288527,14753.037871147302
110,230000,217834.140365418,12165.859634582011
1974,103000,125272.88187134523,-22272.881871345235
1151,144000,121333.14637540716,22666.85362459284
1745,185485,187625.9225053104,-2140.9225053103874
687,135000,155510.03588570128,-20510.035885701276
2743,149900,138751.56026148263,11148.439738517365
2227,170000,197901.82782387885,-27901.827823878848
637,120000,139228.14708042014,-19228.147080420138
371,260000,223003.520646247,36996.479353753006
1451,110000,122182.58470385024,-12182.58470385024
1086,179000,182971.9813020065,-3971.9813020064903
653,129900,132712.14065236505,-2812.140652365051
1996,117500,139265.3747632043,-21765.37476320431
1734,203000,177028.21997628565,25971.780023714353
409,143750,133226.36666894492,10523.633331055084
570,195000,189707.48381414948,5292.516185850516
265,272000,240824.1282627807,31175.871737219306
808,118964,118711.38765448736,252.61234551263624
1624,178750,180623.4997337533,-1873.4997337532986
2413,169985,179620.38919381952,-9635.389193819516
2576,145250,151109.33284049688,-5859.332840496878
2598,108480,117843.39353535319,-9363.393535353185
2823,196500,203710.54876227994,-7210.548762279941
2355,184500,199642.45049848512,-15142.450498485123
643,131000,132653.81415878158,-1653.8141587815771
514,468000,491532.3413693856,-23532.3413693856
668,154000,157360.4260401939,-3360.42604019391
227,163000,150926.84830289823,12073.15169710177
769,175000,151353.71353014823,23646.286469851766
193,209500,216526.26083658962,-7026.260836589616
2041,128500,131986.23422602468,-3486.2342260246805
1470,145000,141672.21444262436,3327.7855573756387
696,66500,103612.65538438625,-37112.65538438625
2891,171000,258589.0726805399,-87589.07268053989
1540,263400,245465.08812258687,17934.911877413135
724,124900,152342.78318850618,-27442.783188506175
782,161500,153492.2493150083,8007.750684991712
872,279500,262934.22862134234,16565.771378657664
1042,100500,102765.27103052335,-2265.2710305233486
2628,119000,124743.12001206889,-5743.120012068888
2623,109900,92384.4042775319,17515.595722468104
73,233000,230655.2012483482,2344.798751651804
1709,354000,316761.921410894,37238.07858910598
2587,127000,131176.21157674448,-4176.2115767444775
795,84000,75590.81913719386,8409.18086280614
2721,155000,172095.8945812042,-17095.894581204193
1887,106500,106208.37648507138,291.62351492862217
1433,144000,151083.3470536754,-7083.347053675388
105,267916,280646.0040436182,-12730.004043618217
2280,140000,166703.03086684013,-26703.030866840127
1566,213000,240959.15092665426,-27959.150926654256
2814,173900,178624.91389410684,-4724.913894106838
513,253000,234928.9597908824,18071.040209117607
400,124500,113571.24150841741,10928.758491582586
304,110000,100900.67147452538,9099.328525474615
474,160200,175191.44052048656,-14991.440520486562
2691,107000,106872.23004739637,127.76995260363037
2238,75200,102096.97583017865,-26896.97583017865
734,128000,101312.3496444402,26687.650355559803
755,149000,138172.80742577408,10827.192574225919
1201,185000,188090.9145551851,-3090.914555185096
1228,112900,120053.24654569814,-7153.2465456981445
109,130500,161962.2617436628,-31462.26174366279
1735,179540,177205.39636824603,2334.6036317539692
1869,188500,228855.5532078397,-40355.553207839694
1741,173500,186614.60959649654,-13114.609596496535
387,235000,228492.7455251364,6507.254474863614
781,63900,51603.087119436736,12296.912880563264
951,156450,128057.80047533746,28392.199524662545
410,146000,162535.4082142521,-16535.408214252093
412,123000,151623.975506789,-28623.975506788993
393,136000,127628.13197894025,8371.868021059752
2392,345000,374735.3185952065,-29735.31859520648
1467,207000,221556.84086035186,-14556.840860351862
2845,121000,106530.1669225794,14469.833077420597
2789,137000,152499.23735788974,-15499.237357889739
1886,124000,133109.0352206376,-9109.035220637597
507,244600,258386.43843269095,-13786.43843269095
2590,142000,118299.34272673598,23700.65727326402
898,99900,100982.28829882678,-1082.288298826781
1669,123000,112347.54913810112,10652.450861898877
1005,183000,180730.40294282828,2269.597057171719
1985,85000,87162.00346554111,-2162.0034655411146
1666,155000,151043.08577260017,3956.9142273998295
367,501837,423704.5529884533,78132.4470115467
2441,287602,274809.351094131,12792.648905868991
2473,132000,143389.20000963888,-11389.20000963888
2168,140000,148412.63322393992,-8412.63322393992
546,189000,203503.825862476,-14503.825862475991
1271,159000,149239.73461462927,9760.26538537073
488,179000,198996.18849762416,-19996.188497624156
264,318000,356757.98247372743,-38757.98247372743
1664,143250,132653.17553456657,10596.824465433427
2764,220000,231413.35289501742,-11413.352895017422
1350,68500,72215.26086805963,-3715.2608680596313
2077,109900,95320.61391664078,14579.386083359219
1814,215000,221327.57144083927,-6327.571440839267
1616,225000,202655.27550526784,22344.72449473216
2179,157000,152443.74501844944,4556.254981550563
879,140000,142145.32136375617,-2145.321363756171
2847,140000,163060.3303066442,-23060.330306644202
1397,152400,134437.61170328376,17962.388296716235
2123,175000,161207.62823146908,13792.371768530924
1863,226000,227363.17452236728,-1363.174522367277
2718,156500,161432.58711449333,-4932.5871144933335
799,108000,120081.21714085925,-12081.217140859255
190,122500,133717.89485948058,-11217.894859480584
216,94000,99326.3767118401,-5326.376711840101
1808,147000,155452.64726190682,-8452.647261906823
2263,239000,249232.7866344514,-10232.78663445139
837,143000,144852.25465616072,-1852.254656160716
1778,320000,379674.9879853913,-59674.987985391286
2466,200825,193450.3489935562,7374.651006443804
1967,156500,155673.3013088115,826.6986911885033
612,124500,129025.32496367101,-4525.32496367101
2888,209000,214298.6508804029,-5298.6508804029145
632,156500,166660.1027804856,-10160.102780485613
2331,545224,589486.2287793758,-44262.228779375786
1262,139000,137047.59514754554,1952.4048524544633
652,152500,176156.26679168813,-23656.266791688133
894,118000,109711.01130612138,8288.988693878622
1474,208500,196649.2778586426,11850.7221413574
1653,151500,156999.6470064547,-5499.647006454703
1339,105000,119470.06289680669,-14470.062896806689
919,234000,232629.6161532305,1370.3838467694877
1448,147000,138928.49870868924,8071.501291310764
385,263435,254074.18277469644,9360.81722530356
664,105000,104552.34376677714,447.6562332228641
112,243500,256422.93724281676,-12922.937242816755
2251,215000,197683.02354307813,17316.976456921868
460,248500,277003.8989715085,-28503.89897150849
2656,126175,127727.46552847486,-1552.4655284748587
2214,239000,205389.66036142028,33610.339638579724
1217,142000,155876.29834599546,-13876.298345995456
1233,165000,149722.47181001175,15277.528189988254
419,100000,118616.32501804523,-18616.32501804523
671,143500,145743.92440055226,-2243.9244005522633
2198,96500,90502.64465292133,5997.355347078672
2116,277000,246540.24334903623,30459.75665096377
1883,126500,136719.32161346579,-10219.321613465785
2911,151400,202620.07659733322,-51220.076597333216
955,152000,180950.76686879838,-28950.766868798382
657,149000,150922.47469683053,-1922.4746968305262
2419,185101,179336.00021412427,5764.999785875727
941,123000,165144.8535884863,-42144.853588486294
2892,335000,264237.5725825478,70762.42741745221
439,335000,357284.012753958,-22284.012753958
2002,159500,214594.8030718586,-55094.803071858594
650,102900,111598.11218920088,-8698.112189200881
1194,147000,149606.80836908284,-2606.8083690828353
301,289000,242228.7435791067,46771.2564208933
377,249000,253863.81269093836,-4863.812690938357
1713,245700,234532.0313992663,11167.9686007337
1753,211000,218552.50777712054,-7552.50777712054
1133,188000,188274.32301348206,-274.3230134820624
34,149900,157561.10441413533,-7661.104414135334
1845,168500,178684.49868418166,-10184.498684181657
2806,207000,190502.1304399637,16497.869560036313
2287,106500,90700.06296512569,15799.93703487431
603,140000,143851.4631220317,-3851.4631220317096
718,160000,149948.13159942624,10051.86840057376
2164,173500,178215.078856534,-4715.078856534004
2853,102000,109493.02622509291,-7493.026225092908
1604,119500,125988.5276087313,-6488.527608731296
2317,320000,275959.15638941736,44040.84361058264
929,193000,179238.0402941618,13761.959705838206
2076,130000,157382.0365578238,-27382.036557823798
1190,215000,223620.72213291258,-8620.722132912575
2522,170000,193462.75799220143,-23462.757992201427
1287,122600,138721.6401828656,-16121.640182865609
765,159900,128681.44233284559,31218.55766715441
2444,286000,266406.24394866335,19593.756051336648
1319,122000,199474.73753740866,-77474.73753740866
908,60000,52846.915583077374,7153.084416922626
163,154000,152598.7053883331,1401.2946116669045
2614,120000,122596.86636911356,-2596.866369113559
1265,148000,137664.89797588505,10335.102024114953
172,109500,108302.73782914458,1197.2621708554216
2671,100000,91893.30991686307,8106.690083136928
2717,160500,142380.9077824451,18119.09221755489
337,159000,180576.09266112346,-21576.09266112346
2086,125000,137421.52531484826,-12421.525314848259
2734,128000,117665.64050005458,10334.359499945422
1058,383000,391364.9487694603,-8364.948769460316
2766,180000,144774.11797459327,35225.882025406725
1884,145000,125026.98829700451,19973.011702995485
1393,235000,175193.20049212358,59806.79950787642
130,116500,116735.45292060453,-235.4529206045263
747,126500,124641.32591367722,1858.674086322775
2846,160000,131027.65886848525,28972.341131514753
1710,350000,318392.9582425093,31607.04175749072
2170,110000,125089.6963875721,-15089.696387572098
893,145500,144035.55946791908,1464.4405320809165
736,117000,131687.36996093797,-14687.36996093797
24,149000,141581.72426388803,7418.275736111973
459,320000,350301.8977148117,-30301.897714811726
2448,280000,235736.4692369478,44263.5307630522
622,147000,144279.81194714777,2720.1880528522306
2849,128000,124516.56436523568,3483.435634764319
2848,137000,125171.56477397913,11828.435226020869
1817,144000,136063.52780738584,7936.472192614165
1513,108000,129971.79950486167,-21971.799504861672
716,106000,126129.3953923305,-20129.395392330494
1006,188000,179518.4456477162,8481.554352283798
2719,157000,148941.8679320884,8058.132067911589
1140,182000,179151.43297809397,2848.5670219060266
443,350000,339192.08202260267,10807.91797739733
1247,137500,136056.9144826215,1443.0855173784948
2679,88000,114499.41019619025,-26499.41019619025
2429,264561,260327.7871068005,4233.212893199496
2468,185000,182872.16252376736,2127.837476232642
2791,222000,205492.06894015966,16507.93105984034
2398,372397,339481.64716518205,32915.35283481795
1692,492000,431186.1691595396,60813.830840460374
1939,116900,125727.91523411463,-8827.915234114625
1538,381000,398341.46817709797,-17341.468177097966
1825,145000,141913.78554563707,3086.2144543629256
59,222500,223369.8058360354,-869.8058360354044
1421,226500,239119.99123214188,-12619.991232141881
2701,131000,143923.03163786943,-12923.031637869426
2067,112000,165315.14950994632,-53315.14950994632
2363,97500,105236.60033575993,-7736.600335759926
1251,110000,103838.56349576739,6161.43650423261
32,88000,104934.0973936632,-16934.097393663207
1066,284000,251717.55221751434,32282.44778248566
968,315000,348718.5346058088,-33718.53460580879
1396,145000,158171.08221064173,-13171.082210641733
1559,65000,76281.72594080589,-11281.725940805889
1687,318000,267004.99957307265,50995.00042692735
1489,147500,144966.92039940107,2533.079600598925
2092,225000,253245.42036528487,-28245.420365284866
566,280750,330214.8138267128,-49464.81382671278
222,154000,141953.93473395333,12046.065266046673
2693,72000,74088.26388982208,-2088.2638898220757
2786,128500,124661.59530967125,3838.4046903287526
2747,180000,173405.7890873906,6594.210912609386
147,108538,139921.54781760546,-31383.54781760546
722,143000,150948.76341373532,-7948.763413735316
889,159500,147152.21970451274,12347.78029548726
256,155000,141866.25149819418,13133.748501805821
1906,165000,183280.57051102235,-18280.57051102235
2500,260000,284180.7362436361,-24180.736243636115
162,132000,130777.81194605972,1222.1880539402773
1047,140000,139463.21835776622,536.7816422337783
1914,114500,118759.65688092445,-4259.656880924449
1537,257076,212501.368811817,44574.631188183004
1160,196000,192480.65876339594,3519.3412366040575
263,127000,123761.28090093966,3238.7190990603413
2790,255000,249467.14880143508,5532.851198564924
2895,228000,249155.71706043452,-21155.717060434516
1975,132000,132436.62140398033,-436.6214039803308
862,133000,122760.54096243388,10239.459037566121
2470,187750,196325.47505935346,-8575.475059353455
1810,181000,214110.63398955564,-33110.633989555645
901,103500,148365.99561910937,-44865.995619109366
2303,139000,128144.19605840565,10855.80394159435
635,139000,165288.60342061316,-26288.60342061316
2678,75000,93528.3376578227,-18528.337657822703
202,140000,148829.3272740301,-8829.327274030104
268,224900,225118.2901300304,-218.2901300303929
937,208000,200310.48393728162,7689.5160627183795
2542,136500,130472.9446407296,6027.055359270395
2117,240000,229270.84440753164,10729.155592468363
340,285000,272107.79352201615,12892.206477983855
1167,172900,173251.17986781558,-351.17986781557556
1037,123000,121668.5535967125,1331.4464032874967
55,184500,172377.47190459026,12122.52809540974
118,142250,148852.34291992977,-6602.342919929768
365,180500,188918.03835057127,-8418.038350571267
311,190000,171703.03255654225,18296.967443457746
292,100000,104555.59659810326,-4555.596598103264
236,83000,86809.35165448044,-3809.3516544804443
2343,202500,212526.18553522506,-10026.185535225057
971,115000,155009.4887884734,-40009.48878847339
497,327000,350176.5655300721,-23176.565530072083
52,199500,177117.82942462206,22382.17057537794
943,85000,87263.69877895355,-2263.6987789535488
1296,120000,130521.99084617617,-10521.990846176166
2713,158000,139944.61406602428,18055.38593397572
2811,212900,232122.38075180363,-19222.380751803634
2006,136500,122053.56133682326,14446.438663176741
1205,98000,106949.0233035165,-8949.0233035165
735,134900,130492.01264838997,4407.987351610034
1615,268000,293664.96198257094,-25664.961982570938
1595,115000,124013.97546415066,-9013.975464150659
2835,92000,110432.61650780812,-18432.616507808125
860,123000,123560.82245858797,-560.8224585879652
2632,134500,124635.70472552821,9864.295274471791
150,135000,118588.32856593504,16411.671434064963
2447,405000,404826.96617364394,173.03382635605522
1082,219990,220064.74942789334,-74.74942789334455
277,144000,138885.31637365837,5114.6836263416335
1193,141000,146413.7428952968,-5413.742895296804
760,70000,88424.44993324904,-18424.449933249038
2064,129000,128370.37109649467,629.6289035053342
2207,90350,100842.08796910224,-10492.087969102242
2336,401179,415199.0534414947,-14020.053441494703
1651,195000,194006.92940690406,993.0705930959375
792,154400,157726.44473862954,-3326.444738629536
625,159000,168704.38921912518,-9704.38921912518
1815,179200,200005.7154250644,-20805.71542506441
2437,172400,178997.25477319842,-6597.254773198423
1221,52000,78549.60292816194,-26549.60292816194
613,174500,178492.43996769536,-3992.4399676953617
944,75000,68344.32270140862,6655.677298591385
2432,183200,182876.99597162058,323.0040283794224
2637,107000,86749.93525365478,20250.06474634522
2708,154500,138353.37991500442,16146.620084995579
942,78000,95393.67318177794,-17393.673181777936
2900,312500,283127.64718659,29372.35281340999
864,254750,258739.4646091966,-3989.4646091966133
1632,170000,182072.63001017008,-12072.630010170076
636,155000,149541.61890027742,5458.381099722581
723,85000,113062.59488472054,-28062.594884720544
2375,145000,150166.1215779184,-5166.121577918413
300,162500,189368.46066141798,-26868.46066141798
880,293200,253797.9385529926,39402.06144700741
1352,207000,190677.44585428253,16322.55414571747
2925,131000,158676.50758310992,-27676.507583109924
1308,139500,130735.06188499989,8764.938115000114
1120,247000,228143.4943789555,18856.50562104449
214,93369,84925.56868160912,8443.431318390882
359,181316,180484.2245301224,831.7754698776116
2028,136000,199130.97990028598,-63130.97990028598
1148,193000,217502.16530934072,-24502.165309340722
2784,174000,157241.16123525906,16758.83876474094
2788,119900,122979.12524475857,-3079.125244758572
2051,115400,105381.25573412879,10018.74426587121
82,171000,159887.749155244,11112.250844755996
1682,155000,171474.24868070745,-16474.248680707446
2050,158450,166991.46056081133,-8541.460560811334
861,133900,120263.63723269933,13636.36276730067
2884,375000,275168.9330531395,99831.06694686052
2657,64000,75624.16099171614,-11624.16099171614
1857,218000,186667.40083067364,31332.599169326364
970,139500,133845.3528652518,5654.6471347482
2496,124000,114200.16869510981,9799.831304890191
2099,250000,267245.16215430864,-17245.162154308637
1556,40000,88600.04809053583,-48600.04809053583
1677,113000,118003.21241130782,-5003.212411307817
1402,241500,191739.62310993604,49760.376890063955
1770,315750,293789.7722308455,21960.227769154473
2456,336820,281421.8150619592,55398.184938040795
2558,127000,120908.70977532395,6091.29022467605
1740,177594,175293.99631122392,2300.00368877608
1831,171000,181711.7571951483,-10711.757195148297
2130,217000,202259.27587823407,14740.724121765932
391,165000,153543.68861790604,11456.311382093962
42,275000,324832.53802953043,-49832.538029530435
1672,120500,110286.22519019645,10213.774809803552
791,60000,125335.06669683575,-65335.066696835755
2278,147000,134046.2840577736,12953.715942226409
1902,39300,21820.99740768061,17479.00259231939
2851,138887,120677.55853472007,18209.44146527993
2839,115000,127216.40514648301,-12216.405146483012
670,200000,184542.97338065042,15457.026619349577
2382,252000,259030.57453516065,-7030.574535160646
1079,154000,177812.91317459696,-23812.913174596964
982,131250,133538.8762187261,-2288.876218726102
1812,191750,205046.4580020342,-13296.458002034196
1688,322400,278675.27370170376,43724.72629829624
2324,183500,164404.50898357574,19095.49101642426
1014,115000,164610.82748567342,-49610.82748567342
741,141500,141732.74702478608,-232.7470247860765
2644,110000,121321.81670047177,-11321.816700471769
361,178000,179943.30688549904,-1943.3068854990415
1728,181755,190120.48158181817,-8365.481581818167
339,161000,130595.35406343982,30404.645936560177
2618,277500,283451.9293930527,-5951.929393052706
1622,160000,173749.41604875083,-13749.416048750834
1779,282922,237420.0998137457,45501.900186254294
847,195000,190076.06054878552,4923.939451214479
1436,215700,198669.96339277818,17030.036607221817
316,220000,218365.06282737185,1634.9371726281533
2491,126000,123757.17034384757,2242.829656152433
2231,315000,308521.4962528177,6478.503747182316
2256,244000,236174.71336343655,7825.2866365634545
2864,218000,169057.64359523638,48942.35640476362
2722,170000,181087.5835295968,-11087.583529596799
1379,157500,145360.35886848092,12139.641131519078
820,297000,287457.60023966944,9542.399760330562
2913,146500,149346.75635530034,-2846.756355300342
780,165000,152524.9456918294,12475.054308170598
1727,200000,187497.30416913476,12502.69583086524
287,128000,129172.03310818304,-1172.0331081830373
1001,247900,278591.4655556149,-30691.46555561491
1301,147000,139459.3759942428,7540.624005757214
239,127000,123333.26303118982,3666.7369688101753
2134,180000,191567.00479575567,-11567.004795755667
1331,153000,140156.61213666064,12843.387863339362
987,130000,142524.61457026753,-12524.614570267528
2816,164990,189076.79512660115,-24086.79512660115
1394,140000,124460.77055139252,15539.229448607482
1759,187000,180753.52620298258,6246.473797017417
579,150000,162122.5494667555,-12122.549466755503
581,185000,172347.92162251988,12652.078377480124
